2,126,28,4,29,29,0,1,2,0,9
