1,28,215,1,50,29,0,2,1,0,9
